Generation1: Group: 2: 1.46869; 
1013
0202
0303
2312
2132
0212
1210
0210
Generation2: Group: 1: 1.44614; 
1013
0202
0300
2312
21322
0213
1211
0010
Generation3: Group: 2: 0.808643; 
1012
0202
0000
2312
213323
0213
1211
20101
Generation4: Group: 0: 0.707012; 
10121
01022
0000
2312
223323
0013
1210
20101
Generation5: Group: 0: 0.596949; 
10321
21022
0000
2112
0233233
0013
1212
20102
Generation6: Group: 1: 1.14062; 
10321
21322
0020
3112
0233333
0013
1212
20102
Generation7: Group: 0: 1.12514; 
10221
21322
0023
31101
0133333
00133
1112
20102
Generation8: Group: 2: 1.02368; 
10321
21322
0020
3110
0213333
00133
0212
20102
Generation9: Group: 0: 0.743818; 
10321
21022
0020
3110
2213333
00123
1212
20102
