Generation1: Group: 10: 7.2324; 
0310
2321
3020
3030
2123
0320
1213
1213
1030
Generation1: Group: 10: 7.2324; 
0310
2321
3020
3030
2123
0320
1213
1213
1030
Generation1: Group: 10: 7.2324; 
0310
2321
3020
3030
2123
0320
1213
1213
1030
Generation1: Group: 10: 7.2324; 
0310
2321
3020
3030
2123
0320
1213
1213
1030
Generation1: Group: 10: 7.2324; 
0310
2321
3020
3030
2123
0320
1213
1213
1030
Generation1: Group: 10: 7.2324; 
0310
2321
3020
3030
2123
0320
1213
1213
1030
Generation1: Group: 10: 7.2324; 
0310
2321
3020
3030
2123
0320
1213
1213
1030
Generation1: Group: 10: 7.2324; 
0310
2321
3020
3030
2123
0320
1213
1213
1030
Generation1: Group: 10: 7.2324; 
0310
2321
3020
3030
2123
0320
1213
1213
1030