Generation1: Group: 14: 3.2815; 
003000
002000
200000
030000
320030
002121
001000
001000
100000
000121
Generation2: Group: 22: 4.24765; 
300000
000100
030030
000001
003023
303000
030030
021200
000120
000200
Generation5: Group: 32: 4.3585; 
3000200
0000003
0202303
2010200
0002032
0002303
0001000
0130001
3002001
3303003
Generation6: Group: 1: 4.60617; 
3000200
0000003
0202303
2010200
0002032
0002303
0001000
0130001
3002001
3303003
Generation7: Group: 32: 4.68945; 
203000
000100
000030
000001
200023
003000
030030
001200
000120
002200
Generation8: Group: 7: 4.70124; 
0100001
0001001
0000301
0000013
2000231
0030001
0300302
0002000
0001202
0022000
Generation11: Group: 2: 5.01744; 
0110001
0021001
0300301
0000013
0000231
0030001
0300302
0002000
0201202
0032000
Generation14: Group: 25: 5.31855; 
010100
000000
200003
010232
000200
012223
000202
001210
000020
300000
Generation26: Group: 8: 5.4533; 
010100
000000
200003
010232
300200
002223
000002
001310
300020
330000
Generation27: Group: 1: 5.5539; 
010100
000000
200003
010232
300200
002223
000002
001310
300020
330000
Generation29: Group: 46: 5.60003; 
001000
003000
200003
210232
000200
300223
300002
011310
000020
300000
Generation30: Group: 25: 5.69895; 
300000
003000
200003
010232
000200
003223
300002
001310
302020
300000
Generation31: Group: 1: 5.71275; 
300000
003000
200003
010232
000200
003223
300002
001310
302020
300000
Generation41: Group: 1: 5.74896; 
330000
003200
200003
210232
200200
003223
000002
001310
302020
000000
Generation54: Group: 28: 5.75414; 
301100
010200
200003
210232
200200
003223
300002
010310
202020
330000
