TIN,0,1,2,3,4,5,6,7,8,9
0, 2.2459e-305
0, 6.28319
0, 6.28319
0, 6.28319
0, 6.28284
0, 6.28319
0, 6.28319
0, 6.28319
0, 6.28284
1, 6.28319
1, 6.28319
1, 6.28319
1, 6.28319
1, 6.28284
2, 0.031734
2, 0.0203916
2, 6.28319
2, 0.0713869
4, 6.28284
4, 0.000345267
5, 0.00059802
5, 0.000345267
5, 6.25561
6, 6.28319
10, 0.152886
11, 0.114444
14, 0.0519028
14, 0.35865
14, 6.2827
15, 5.90165
15, 6.26699
15, 0.330416
15, 0.0053041
15, 5.99961
16, 5.93885
16, 5.99961
19, 0.0181621
19, 0.000488281
20, 6.27716
20, 6.2827
21, 0.00189111
21, 6.2827
22, 6.28209
26, 6.20459
27, 6.23855
33, 5.56452
34, 5.59571
37, 6.20214
38, 6.20191
40, 0.0106531
41, 6.27674
43, 5.5679
44, 5.5039
48, 6.11576
49, 6.14848
49, 6.01073
50, 6.01024
53, 6.26481
54, 0.0141097
56, 6.14546
57, 6.08294
60, 5.28539
61, 5.21826
61, 5.0239
62, 5.0239
64, 0.159304
65, 0.154896
67, 5.94158
68, 5.94158
78, 6.02147
79, 5.97056
85, 4.38699
86, 4.38699
88, 5.88133
89, 5.73589
89, 5.8309
90, 5.73662
99, 0.000345267
100, 6.28284
101, 6.28284
102, 5.85627
102, 5.74995
102, 0.000345267
103, 5.81334
103, 5.74942
105, 3.84536
105, 0.000345267
106, 3.86117
106, 6.28284
107, 6.28284
108, 0.00059802
114, 3.80561
115, 3.74161
118, 0.199935
119, 5.80084
119, 0.22374
120, 5.83528
129, 5.70313
129, 0.000345267
130, 5.63878
130, 6.28319
131, 3.29361
131, 6.28319
132, 3.29384
132, 0.000345267
134, 0.000488281
135, 6.28319
136, 0.240051
136, 6.28319
137, 0.225988
137, 0.000345267
140, 2.89484
141, 2.85928
141, 0.000488281
142, 6.28284
144, 6.28284
145, 0.000345267
148, 5.67195
149, 5.62209
150, 6.2827
151, 6.2827
152, 0.000488281
153, 2.73019
153, 0.000488281
154, 2.73019
154, 6.28319
155, 5.55502
156, 5.57898
157, 5.64653
158, 5.5927
159, 6.28284
160, 0.000345267
163, 0.19892
163, 2.58108
164, 0.216932
164, 2.51709
167, 0.000345267
168, 6.28319
171, 5.71926
171, 6.28284
172, 5.67759
172, 2.29309
173, 2.32151
180, 2.38853
181, 2.33566
181, 0.000345267
182, 1.72698
182, 6.28319
183, 1.70097
183, 6.28319
184, 0.000345267
188, 5.69739
189, 5.74651
189, 0.000488281
190, 6.28319
191, 6.28319
192, 0.000488281
195, 0.32245
196, 0.347096
197, 1.85789
197, 5.82016
198, 1.87038
198, 5.86827
206, 1.81703
207, 5.63873
207, 1.75303
208, 5.64527
212, 6.24969
212, 0.000690534
213, 0.0301048
213, 6.28319
214, 6.28319
217, 5.73434
218, 5.68903
221, 0.000345267
222, 1.34246
222, 6.28319
223, 1.34252
223, 6.28319
226, 5.37501
227, 5.62607
227, 5.31889
227, 6.28319
228, 5.62631
228, 6.28319
229, 0.000345267
232, 1.19163
233, 1.12763
234, 0.000488281
235, 0.298758
235, 6.2827
236, 0.310266
237, 6.2827
238, 0.000345267
239, 5.74702
240, 5.70519
241, 0.0983395
242, 0.0263521
243, 0.0263521
244, 6.23728
245, 6.28319
246, 5.59545
246, 6.28319
247, 5.62327
247, 6.28319
249, 5.19116
250, 5.13257
250, 6.28284
251, 1.00028
251, 0.000345267
252, 0.936291
252, 0.000345267
253, 0.00059802
254, 0.00059802
255, 6.28284
256, 6.28284
257, 0.000345267
258, 0.000345267
259, 6.2827
260, 6.2827
261, 5.69495
261, 0.000488281
262, 5.64467
267, 0.523538
268, 0.523538
272, 5.45217
272, 0.43716
272, 6.28284
273, 5.45251
273, 0.417091
273, 4.99251
273, 6.28284
274, 4.93109
274, 0.000345267
279, 0.00059802
280, 6.28319
283, 6.28319
284, 5.54276
284, 0.0790883
284, 0.000345267
285, 5.50049
285, 6.26446
286, 6.26446
287, 0.0509812
287, 0.000488281
288, 6.2827
289, 0.0501903
290, 6.25549
294, 6.28319
295, 4.88299
296, 4.82659
297, 6.28284
298, 6.28284
299, 6.22161
299, 0.00059802
300, 6.15801
304, 4.66583
305, 5.50207
305, 4.66545
305, 0.000345267
306, 5.55446
306, 6.28319
309, 6.28319
310, 0.000488281
313, 0.46061
313, 0.000345267
314, 5.5217
314, 0.490179
314, 6.28319
315, 5.45793
315, 6.28319
316, 0.000488281
317, 5.65839
317, 0.000488281
318, 5.65843
318, 0.000345267
319, 0.000345267
320, 4.61947
320, 6.28284
321, 4.56744
321, 3.97561
321, 6.28284
322, 3.91012
322, 0.000488281
323, 0.000488281
324, 0.00077204
326, 5.57578
326, 0.000488281
327, 5.51178
327, 6.2827
328, 6.2827
329, 0.000345267
331, 4.49003
332, 4.4899
338, 5.61999
339, 5.56929
344, 5.03179
345, 5.03179
346, 0.490961
347, 0.479446
350, 5.36523
351, 5.36529
354, 4.87569
355, 4.8117
365, 5.50597
366, 5.46288
371, 5.37525
371, 4.37182
372, 5.41132
372, 4.37184
379, 0.515209
380, 0.53217
388, 5.62992
389, 5.62839
393, 3.91057
394, 1.82537
394, 3.91065
395, 1.75772
400, 0.582276
401, 0.554386
403, 3.76206
404, 3.69807
411, 5.70384
412, 5.64728
418, 3.31421
419, 3.31422
421, 6.22854
422, 5.43235
422, 0.0105349
423, 5.43322
428, 3.16111
429, 3.09432
431, 0.387268
432, 0.379566
439, 5.54091
440, 5.49735
441, 0.541356
442, 0.471492
442, 2.71101
443, 2.75671
448, 5.50986
449, 5.56128
452, 2.70916
453, 2.64521
457, 0.0407385
458, 6.25041
465, 2.32182
466, 5.64152
466, 2.36483
467, 5.6262
471, 0.512793
472, 0.489186
476, 5.78313
476, 2.32059
477, 5.75016
477, 2.25662
488, 5.76098
489, 5.71134
492, 1.80875
493, 0.27681
493, 1.84406
494, 0.277834
498, 5.55422
499, 5.57
501, 1.83356
502, 1.76958
504, 5.10697
505, 5.04844
514, 1.44454
515, 5.69694
515, 1.43805
516, 5.65935
523, 5.5128
524, 5.53627
526, 0.371434
527, 0.394035
536, 5.6891
537, 5.64054
545, 0.501758
546, 0.46844
547, 3.79678
548, 3.76607
549, 5.59928
550, 5.65232
568, 5.67968
569, 5.62405
569, 1.35905
570, 1.33501
578, 1.2753
579, 1.21132
580, 5.50733
581, 5.52613
584, 0.299795
585, 0.297732
590, 5.67967
591, 5.65868
608, 6.01358
608, 5.68851
608, 0.533197
608, 4.46797
608, 2.08858
608, 1.13139
608, 5.48532
608, 0.000488281
609, 3.67885
609, 6.28
609, 2.44833
609, 1.78682
609, 4.50669
609, 1.35516
609, 2.07522
609, 0.305634
624, 2.58107
624, 0.536283
625, 2.62042
625, 0.600268
629, 1.54065
630, 1.52887
630, 0.728269
631, 0.687317
635, 0.632047
636, 0.696047
643, 1.28391
644, 1.23775
645, 1.19595
646, 1.13195
647, 0.238917
648, 3.39317
648, 0.20212
649, 3.39956
651, 1.14405
652, 1.10199
655, 0.0499199
656, 6.27951
656, 1.00599
657, 1.04703
659, 1.15093
660, 1.18548
665, 6.14072
666, 6.21164
668, 6.24605
669, 0.0282644
674, 1.55903
675, 1.51677
676, 1.56286
677, 1.53274
679, 1.46325
680, 1.52725
681, 0.0439516
682, 6.26314
683, 0.245419
684, 0.228733
694, 1.94325
695, 1.90117
699, 1.84498
700, 1.90898
702, 1.49132
702, 0.236024
703, 1.5248
703, 0.208566
711, 5.71101
712, 5.6572
714, 2.32498
715, 2.28237
719, 2.18637
720, 2.22837
726, 1.34736
726, 0.356238
727, 1.36813
727, 0.336489
736, 2.70836
737, 2.66677
738, 3.7838
739, 3.7198
741, 2.57077
742, 2.61322
749, 6.28319
749, 6.28319
749, 3.40644
749, 6.27937
749, 2.65361
749, 1.05662
749, 0.638167
749, 3.3998
749, 4.59568
749, 2.83722
